,-180,-170,-160,-150,-140,-130,-120,-110,-100,-90,-80,-70,-60,-50,-40,-30,-20,-10,0,10,20,30,40,50,60,70,80,90,100,110,120,130,140,150,160,170
-90,27,25,17,13,11,9,9,9,11,11,13,11,11,11,11,13,15,17,23,23,19,17,13,13,13,13,13,13,11,9,9,9,11,11,13,19
-80,29,23,15,13,11,9,9,9,9,11,13,11,11,11,13,15,17,21,25,25,19,17,15,13,13,13,15,13,11,9,9,9,9,11,13,19
-70,27,21,15,13,11,9,9,9,9,11,15,13,13,13,13,15,19,23,29,25,19,15,15,13,13,13,15,13,11,11,9,9,11,13,15,21
-60,29,21,17,15,13,11,11,11,13,15,15,13,13,13,15,17,19,25,35,29,23,19,17,15,15,13,15,15,15,13,13,13,15,17,19,25
-50,29,27,21,17,15,15,13,13,15,15,13,13,13,13,13,15,17,21,27,25,19,17,15,13,13,13,13,13,15,15,15,15,15,17,19,23
-40,27,25,23,23,21,19,17,15,15,13,13,13,13,13,15,15,19,23,29,23,19,15,15,13,13,11,13,13,15,15,17,17,17,19,19,23
-30,21,21,21,21,19,17,17,15,13,13,11,11,11,13,13,15,19,23,25,19,15,13,11,11,11,11,11,13,13,17,19,21,25,25,23,21
-20,19,17,17,15,15,13,13,11,11,11,11,11,11,13,13,15,19,23,23,17,15,13,13,11,11,11,11,13,13,13,15,15,17,17,19,19
-10,19,17,17,15,13,11,11,9,9,9,9,9,11,11,13,15,17,21,23,19,15,13,11,11,9,9,9,9,11,11,11,13,13,15,17,19
0,19,17,15,15,13,11,11,9,9,9,9,9,11,11,13,15,17,21,21,19,15,13,11,11,9,9,9,9,11,11,11,13,13,15,17,19
10,19,15,15,13,13,11,11,11,11,11,11,11,11,13,13,15,17,21,21,19,15,13,13,11,11,11,11,11,11,11,13,13,15,17,19,21
20,19,17,15,13,11,11,11,11,11,13,13,15,17,17,19,19,21,23,21,19,19,17,17,15,15,15,15,13,13,13,15,15,17,19,21,23
30,23,19,15,13,13,11,11,11,11,13,13,15,19,21,23,23,23,25,23,23,21,21,19,17,17,15,13,13,11,11,11,13,13,15,17,21
40,31,27,19,15,13,13,11,11,11,11,13,15,15,15,15,19,21,25,29,27,23,19,17,17,17,17,15,13,11,11,11,11,13,15,17,21
50,31,21,17,15,13,13,13,13,13,15,13,11,11,11,11,13,17,21,29,23,17,13,11,11,11,11,11,13,15,13,13,13,15,17,21,27
60,31,27,21,17,15,15,13,13,15,15,15,13,13,13,13,15,17,23,29,23,17,15,13,11,11,11,13,13,15,13,13,13,13,15,19,23
70,33,27,21,17,15,13,13,13,15,15,13,13,11,11,13,15,17,21,29,27,19,15,13,11,11,11,11,13,15,13,13,13,13,15,19,23
80,27,25,19,15,15,13,13,13,15,13,11,9,9,9,11,11,13,17,25,27,19,13,11,11,9,9,9,11,13,11,11,11,13,15,17,21
90,23,23,19,15,13,13,13,13,15,13,11,11,9,9,11,11,13,17,25,25,19,15,11,9,9,9,9,11,11,11,9,11,11,13,15,17
