,-180,-170,-160,-150,-140,-130,-120,-110,-100,-90,-80,-70,-60,-50,-40,-30,-20,-10,0,10,20,30,40,50,60,70,80,90,100,110,120,130,140,150,160,170
-90,25,25,27,25,25,21,21,21,21,21,21,17,17,19,17,17,19,21,25,29,37,31,27,23,21,21,21,21,23,25,27,27,27,25,27,25
-80,25,25,27,25,25,21,21,21,21,21,21,19,19,19,19,19,21,23,27,31,35,31,27,23,23,21,21,23,21,29,29,27,27,25,27,25
-70,25,25,27,25,23,21,21,21,21,23,25,25,23,21,21,21,21,25,27,31,33,31,29,25,25,25,25,27,31,33,29,27,27,25,25,25
-60,25,25,27,29,27,25,27,29,31,35,35,33,29,25,25,25,23,25,27,29,31,29,25,25,25,25,27,29,31,27,25,25,23,25,25,25
-50,25,25,25,27,29,27,27,33,31,29,25,23,23,23,21,21,23,25,27,29,29,27,25,23,23,21,23,25,25,23,23,23,21,21,23,23
-40,25,25,27,29,29,31,29,31,25,25,23,21,19,19,21,21,21,25,27,29,27,25,23,21,21,19,21,21,21,23,23,23,21,21,23,23
-30,25,25,23,21,21,21,19,19,17,19,19,19,17,15,15,17,17,17,19,25,25,21,19,19,19,19,19,19,17,17,19,21,23,23,23,25
-20,25,25,23,19,19,17,15,15,15,15,15,15,15,15,15,15,17,17,19,21,25,21,17,19,19,15,17,17,15,15,17,19,21,23,27,27
-10,27,25,21,19,19,17,15,15,15,15,15,15,15,15,17,19,17,21,21,23,23,21,17,19,17,15,15,15,15,15,17,19,21,23,27,29
0,27,25,21,19,19,17,15,15,15,15,15,15,15,15,17,19,23,25,25,25,23,21,17,19,17,15,15,15,15,15,17,19,21,21,27,31
10,27,25,21,19,17,17,15,15,15,15,15,15,15,15,17,19,23,27,25,25,21,21,17,17,15,15,15,15,15,15,17,19,21,21,27,27
20,23,25,21,19,17,17,15,15,15,15,15,15,17,19,19,23,25,25,25,25,21,21,17,17,17,15,15,15,15,15,17,19,21,21,21,23
30,23,25,21,19,17,17,17,15,17,17,17,17,21,21,21,23,25,25,25,25,23,21,19,19,19,17,19,19,19,19,17,19,19,21,19,19
40,25,29,25,23,21,19,21,21,19,21,21,21,21,21,21,23,23,23,23,23,27,29,29,29,27,27,23,23,19,19,17,19,19,19,21,23
50,25,29,29,27,27,23,25,23,23,27,27,25,25,23,21,23,23,23,23,25,27,29,27,25,25,25,27,29,27,25,23,23,23,23,21,25
60,25,25,29,29,29,25,25,23,25,27,27,27,25,23,21,23,23,23,23,25,25,27,25,25,23,25,27,27,29,27,25,23,23,23,25,25
70,25,27,31,29,29,27,27,25,27,29,31,31,29,23,21,23,23,23,23,25,25,27,25,25,25,25,27,29,31,31,27,25,23,23,23,25
80,25,31,33,31,29,23,23,23,23,23,25,29,29,29,29,27,25,25,25,27,29,27,25,23,23,23,25,23,23,21,19,21,21,21,23,25
90,23,29,33,31,25,21,19,21,19,19,21,23,27,29,29,29,29,27,27,27,29,27,27,23,23,23,23,21,19,19,17,21,17,17,19,21
