,-180,-170,-160,-150,-140,-130,-120,-110,-100,-90,-80,-70,-60,-50,-40,-30,-20,-10,0,10,20,30,40,50,60,70,80,90,100,110,120,130,140,150,160,170
-90,31,33,25,21,19,17,17,17,19,23,27,25,23,21,21,21,23,25,29,33,35,33,27,25,25,27,31,31,23,19,17,17,17,17,19,23
-80,29,33,25,19,17,15,15,15,17,21,25,25,21,19,19,21,21,23,27,33,35,29,25,25,23,25,31,35,25,19,17,17,17,17,19,23
-70,31,31,25,19,17,17,17,17,19,21,29,31,25,21,21,23,25,27,31,33,33,27,25,25,25,27,31,33,25,21,17,17,17,19,21,23
-60,33,31,27,23,21,19,19,19,23,25,31,31,25,23,23,25,27,29,29,31,29,27,25,23,21,23,23,27,29,25,23,23,21,23,25,27
-50,31,33,29,25,23,21,21,21,25,27,27,29,27,23,23,25,25,27,29,31,31,25,23,21,21,21,21,25,29,29,27,23,23,23,25,27
-40,31,31,27,25,23,23,23,23,23,25,27,29,25,25,25,25,27,29,31,33,31,25,23,21,21,21,21,25,27,27,27,25,25,25,27,27
-30,27,27,27,25,23,23,21,19,19,19,19,23,19,23,23,25,27,31,35,35,29,25,23,21,21,19,19,19,21,25,21,23,23,23,23,27
-20,27,29,25,21,19,17,15,15,15,15,15,15,15,17,19,21,23,27,35,37,27,23,21,19,17,17,17,17,15,19,17,17,17,19,21,23
-10,29,31,25,21,19,17,15,13,13,13,13,13,13,15,17,19,21,25,31,37,27,23,19,17,17,15,15,15,15,15,15,15,17,17,19,23
0,29,31,25,21,19,17,15,15,13,13,13,13,13,15,15,17,19,23,29,35,25,21,19,17,15,15,13,13,13,15,15,15,17,19,21,25
10,29,31,25,21,19,17,15,15,15,15,15,15,15,15,17,19,21,25,31,31,25,21,19,17,15,15,13,13,13,15,15,15,17,19,21,25
20,29,31,27,23,21,19,17,17,17,17,17,17,17,19,21,21,23,27,31,31,25,23,21,17,15,17,15,15,15,15,17,17,19,19,23,27
30,29,31,27,25,23,21,21,21,21,21,21,23,23,23,23,23,25,27,29,31,27,27,25,19,19,21,19,17,19,17,17,19,21,23,25,27
40,31,33,29,27,25,23,25,25,29,29,29,25,25,25,23,25,25,27,31,29,29,27,25,23,23,23,25,23,27,23,21,23,23,23,27,29
50,31,33,31,27,25,25,25,27,35,33,25,21,21,19,19,21,21,25,29,33,27,23,21,19,19,19,21,25,29,29,29,25,23,25,27,29
60,29,31,29,25,23,21,21,23,27,33,31,23,21,19,19,21,23,27,31,33,27,23,21,19,19,19,21,25,31,31,27,23,23,23,25,27
70,31,33,27,23,21,21,21,21,27,29,23,23,21,21,21,21,23,27,31,33,29,25,21,19,19,19,21,23,29,33,27,25,23,25,27,29
80,31,33,29,27,25,23,25,25,37,25,21,19,17,17,17,19,21,23,27,33,27,23,19,17,17,17,17,19,25,33,31,25,25,25,27,29
90,29,33,31,29,27,25,27,31,37,25,21,19,17,17,17,19,21,23,27,33,27,23,19,17,17,15,17,19,23,27,29,25,25,25,25,29
