,-180,-170,-160,-150,-140,-130,-120,-110,-100,-90,-80,-70,-60,-50,-40,-30,-20,-10,0,10,20,30,40,50,60,70,80,90,100,110,120,130,140,150,160,170
-90,25,33,23,19,15,13,11,11,11,11,9,9,11,13,15,17,17,17,17,17,15,13,11,11,11,11,11,9,7,7,9,9,11,11,15,19
-80,27,21,15,13,11,11,11,11,15,19,23,21,17,15,15,17,17,15,13,11,11,9,9,9,11,13,13,13,9,7,7,7,7,9,13,19
-70,13,15,13,11,7,7,7,7,7,7,7,9,11,13,17,17,15,15,13,11,11,9,9,7,7,3,5,3,3,3,3,3,3,5,7,9
-60,9,5,3,1,-1,-1,-1,-1,-1,1,1,3,5,7,11,17,19,15,11,9,7,7,5,5,3,3,1,-1,-1,-1,-1,-1,1,3,5,9
-50,11,7,3,1,-1,-1,-3,-1,-1,-1,-1,1,3,5,7,11,11,9,9,5,3,3,1,1,-1,-1,-1,-1,-1,-1,-1,-1,1,3,5,11
-40,13,11,5,1,1,-1,-1,-1,-3,-1,-1,-1,1,3,5,7,9,7,7,3,1,-1,-1,-3,-3,-3,-3,-3,-3,-3,-3,-3,-1,1,3,7
-30,9,7,5,1,1,-1,-3,-3,-3,-3,-3,-3,-3,-3,-1,3,9,11,7,1,-1,-3,-3,-3,-3,-3,-3,-3,-3,-3,-3,-3,-3,-1,1,3
-20,5,3,1,-1,-3,-3,-3,-3,-3,-3,-3,-3,-3,-3,-3,-1,5,13,9,1,-3,-3,-3,-3,-3,-3,-3,-3,-3,-3,-3,-3,-1,-1,3,5
-10,5,3,-1,-3,-3,-3,-3,-3,-3,-3,-3,-3,-3,-3,-3,-1,3,13,9,1,-3,-3,-3,-3,-3,-3,-3,-3,-3,-3,-3,-3,-3,1,3,5
0,7,3,-1,-3,-3,-3,-3,-3,-3,-3,-3,-3,-3,-3,-3,-1,5,13,9,3,-1,-3,-3,-3,-3,-3,-3,-3,-3,-3,-3,-3,-3,-1,3,9
10,9,3,-1,-3,-3,-3,-3,-3,-3,-3,-3,-3,-3,-3,-3,1,5,11,9,3,1,-3,-3,-3,-3,-3,-3,-3,-3,-3,-3,-3,-3,-1,3,9
20,9,3,-1,-3,-3,-3,-3,-3,-3,-3,-3,-3,-3,-3,-1,1,5,11,11,5,1,-1,-3,-3,-3,-3,-3,-3,-3,-3,-3,-3,-3,1,5,11
30,9,3,1,-1,-3,-3,-3,-3,-3,-3,-3,-3,-3,-3,-1,1,3,7,9,7,3,1,-1,-3,-3,-3,-3,-3,-3,-3,-3,-3,-1,3,7,13
40,9,5,3,1,-1,-1,-3,-3,-3,-3,-3,-3,-3,-3,-1,-1,3,5,9,9,5,1,-1,-1,-3,-3,-3,-1,-1,-1,-1,1,3,7,11,11
50,9,7,5,3,3,1,1,1,-1,-1,-3,-1,-1,-1,1,3,5,7,11,15,7,5,3,1,1,1,1,1,3,3,3,5,7,11,11,11
60,13,9,7,5,5,5,3,3,1,1,-1,-1,-1,-1,1,3,5,11,13,9,5,3,1,-1,-1,-1,1,1,3,5,5,7,9,13,17,17
70,13,11,9,7,7,5,5,3,3,3,1,1,1,1,3,5,7,11,13,11,7,5,3,3,3,3,5,5,7,7,9,11,15,19,19,15
80,13,13,11,11,11,9,11,11,11,11,9,9,7,7,9,9,11,13,17,17,17,15,13,15,15,19,21,21,17,15,13,11,11,11,13,13
90,13,13,13,13,15,17,17,15,11,9,9,9,9,9,11,13,17,21,33,23,17,13,11,9,7,7,7,9,9,9,11,11,13,13,13,13
