,-180,-170,-160,-150,-140,-130,-120,-110,-100,-90,-80,-70,-60,-50,-40,-30,-20,-10,0,10,20,30,40,50,60,70,80,90,100,110,120,130,140,150,160,170
-90,31,31,29,25,25,25,27,31,27,21,17,15,15,15,17,17,21,23,31,33,25,21,19,17,17,17,17,19,23,33,31,25,25,25,27,29
-80,31,31,27,23,23,23,25,29,25,19,17,15,13,13,15,15,17,21,27,29,25,19,17,15,15,15,15,17,21,29,29,25,23,23,25,29
-70,29,29,27,23,23,23,27,33,27,19,17,15,13,15,15,17,19,21,27,27,23,19,17,15,15,15,15,19,23,29,31,29,27,27,27,29
-60,29,29,29,25,23,23,25,31,29,25,21,19,17,17,19,21,23,25,31,27,23,21,19,17,17,17,19,21,27,31,29,25,25,25,27,29
-50,31,31,29,25,23,23,25,31,37,29,23,21,19,19,19,19,21,25,29,27,25,21,19,17,17,17,19,21,25,31,31,27,25,23,25,27
-40,25,25,27,27,27,27,27,29,29,27,25,23,21,21,21,21,23,25,27,27,27,25,23,21,21,21,23,25,29,31,29,27,27,25,25,25
-30,27,25,29,27,27,25,25,25,27,29,31,31,25,29,29,29,29,27,31,31,31,29,31,33,35,37,39,37,33,31,27,27,25,25,25,25
-20,27,27,27,25,23,21,21,21,21,21,23,23,23,21,21,21,21,21,23,23,25,25,25,23,23,23,23,23,21,23,23,23,23,23,23,25
-10,25,25,25,23,21,21,19,19,19,19,21,21,21,21,21,21,21,21,21,21,23,23,25,23,21,23,19,19,19,19,19,21,21,21,23,23
0,23,25,23,21,21,19,19,19,19,19,21,21,21,21,21,21,21,21,21,23,23,23,25,23,21,21,19,19,19,19,19,21,21,21,21,23
10,23,23,25,23,21,21,21,21,21,21,21,21,23,23,23,23,21,21,23,23,21,25,25,23,21,21,21,21,21,21,21,21,21,21,21,21
20,23,23,25,25,27,25,25,23,23,23,23,23,23,23,23,23,23,23,25,25,27,25,27,25,25,25,25,25,23,23,23,21,21,21,21,21
30,27,27,29,27,29,29,33,33,35,33,29,27,27,27,27,27,27,27,27,27,29,29,31,29,31,31,33,31,29,29,27,25,27,27,27,25
40,29,29,27,25,21,21,21,21,25,29,31,29,29,27,25,25,27,27,27,27,27,25,27,27,29,31,27,23,21,19,19,19,21,21,25,27
50,25,25,21,19,17,15,15,17,19,23,29,31,29,25,23,23,25,27,29,27,27,27,27,27,31,31,25,21,19,15,15,15,17,19,21,25
60,31,27,21,19,17,17,15,21,19,23,31,31,27,23,23,23,25,27,31,29,31,27,25,25,25,31,31,23,19,17,17,17,17,19,23,27
70,29,27,23,19,17,17,17,17,19,21,27,29,29,25,23,25,27,29,31,31,31,27,25,25,27,31,31,23,19,17,17,15,17,19,21,25
80,29,27,23,19,17,17,15,15,17,21,25,33,31,27,25,27,27,29,29,29,29,27,25,25,27,31,31,21,17,15,15,15,15,17,19,23
90,29,31,25,21,19,17,17,17,19,21,25,35,33,29,27,27,29,33,31,31,31,29,27,27,29,33,29,23,19,17,15,15,15,17,19,27
